0 2.76885
1 0.0572151
2 0.0335673
3 0.0238019
4 0.0191886
5 0.0140049
6 0.0120736
7 0.00970027
8 0.00849904
9 0.00683672
10 0.0051119
11 0.00456868
12 0.00405581
13 0.00419106
14 0.00331584
15 0.00314005
16 0.00295291
17 0.00275979
18 0.00262696
19 0.0025272
20 0.00245972
21 0.00236145
22 0.0022977
23 0.00224129
24 0.00223925
25 0.00214931
26 0.00212402
27 0.00209477
28 0.00206377
29 0.00203499
30 0.00201935
31 0.00200303
32 0.00198642
33 0.00196171
34 0.00194008
35 0.00192767
36 0.00188002
37 0.00211646
38 0.0018449
39 0.00181041
40 0.00178774
41 0.00176233
42 0.00174516
43 0.00173435
44 0.00171462
45 0.00168776
46 0.00167685
47 0.00167157
48 0.0016627
49 0.00163336
50 0.0016293
