0 0.975515
1 0.953407
2 0.933373
3 0.915144
4 0.898482
5 0.88318
6 0.869059
7 0.855965
8 0.843766
9 0.832347
10 0.82161
11 0.811471
12 0.801858
13 0.792709
14 0.78397
15 0.775594
16 0.767543
17 0.759782
18 0.75228
19 0.745012
20 0.737956
21 0.731093
22 0.724405
23 0.717878
24 0.711499
25 0.705257
26 0.699144
27 0.693149
28 0.687267
29 0.68149
30 0.675814
31 0.670233
32 0.664743
33 0.65934
34 0.654022
35 0.648785
36 0.643627
37 0.638546
38 0.633539
39 0.628604
40 0.62374
41 0.618946
42 0.614219
43 0.60956
44 0.604965
45 0.600435
46 0.595968
47 0.591563
48 0.587219
49 0.582935
50 0.57871
51 0.574543
52 0.570433
53 0.56638
54 0.562382
55 0.558439
56 0.554549
57 0.550712
58 0.546926
59 0.543192
60 0.539508
61 0.535874
62 0.532287
63 0.528749
64 0.525257
65 0.521812
66 0.518412
67 0.515056
68 0.511744
69 0.508475
70 0.505248
71 0.502063
72 0.498919
73 0.495814
74 0.492749
75 0.489722
76 0.486734
77 0.483782
78 0.480868
79 0.477989
80 0.475145
81 0.472336
82 0.469562
83 0.46682
84 0.464112
85 0.461435
86 0.458791
87 0.456178
88 0.453595
89 0.451042
90 0.448519
91 0.446025
92 0.443559
93 0.441121
94 0.438711
95 0.436328
96 0.433972
97 0.431641
98 0.429336
99 0.427057
100 0.424802
101 0.422572
102 0.420366
103 0.418183
104 0.416023
105 0.413887
106 0.411772
107 0.40968
108 0.407609
109 0.40556
110 0.403532
111 0.401524
112 0.399537
113 0.397569
114 0.395622
115 0.393693
116 0.391784
117 0.389893
118 0.388021
119 0.386167
120 0.384331
121 0.382512
122 0.380711
123 0.378927
124 0.37716
125 0.375409
126 0.373674
127 0.371956
128 0.370253
129 0.368566
130 0.366895
131 0.365238
132 0.363596
133 0.361969
134 0.360357
135 0.358759
136 0.357175
137 0.355604
138 0.354048
139 0.352504
140 0.350974
141 0.349458
142 0.347954
143 0.346463
144 0.344984
145 0.343518
146 0.342064
147 0.340622
148 0.339192
149 0.337774
150 0.336367
151 0.334972
152 0.333587
153 0.332215
154 0.330853
155 0.329502
156 0.328161
157 0.326831
158 0.325512
159 0.324203
160 0.322904
161 0.321615
162 0.320336
163 0.319067
164 0.317807
165 0.316557
166 0.315317
167 0.314086
168 0.312864
169 0.311651
170 0.310447
171 0.309252
172 0.308065
173 0.306888
174 0.305719
175 0.304558
176 0.303406
177 0.302262
178 0.301126
179 0.299998
180 0.298878
181 0.297767
182 0.296663
183 0.295566
184 0.294478
185 0.293396
186 0.292323
187 0.291256
188 0.290197
189 0.289146
190 0.288101
191 0.287063
192 0.286033
193 0.285009
194 0.283992
195 0.282982
196 0.281979
197 0.280982
198 0.279992
199 0.279008
200 0.278031
201 0.27706
202 0.276095
203 0.275137
204 0.274185
205 0.273239
206 0.272299
207 0.271364
208 0.270436
209 0.269514
210 0.268597
211 0.267686
212 0.266781
213 0.265882
214 0.264988
215 0.264099
216 0.263216
217 0.262339
218 0.261467
219 0.2606
220 0.259738
221 0.258882
222 0.258031
223 0.257185
224 0.256343
225 0.255507
226 0.254676
227 0.25385
228 0.253029
229 0.252213
230 0.251401
231 0.250594
232 0.249792
233 0.248994
234 0.248201
235 0.247413
236 0.246629
237 0.24585
238 0.245075
239 0.244305
240 0.243539
241 0.242777
242 0.24202
243 0.241267
244 0.240518
245 0.239773
246 0.239033
247 0.238296
248 0.237564
249 0.236836
250 0.236111
251 0.235391
252 0.234675
253 0.233962
254 0.233254
255 0.232549
256 0.231848
257 0.231151
258 0.230458
259 0.229768
260 0.229083
261 0.2284
262 0.227722
263 0.227047
264 0.226376
265 0.225708
266 0.225044
267 0.224383
268 0.223725
269 0.223072
270 0.222421
271 0.221774
272 0.22113
273 0.22049
274 0.219853
275 0.219219
276 0.218588
277 0.217961
278 0.217337
279 0.216716
280 0.216098
281 0.215484
282 0.214872
283 0.214264
284 0.213658
285 0.213056
286 0.212457
287 0.21186
288 0.211267
289 0.210677
290 0.210089
291 0.209505
292 0.208923
293 0.208344
294 0.207768
295 0.207195
296 0.206625
297 0.206057
298 0.205492
299 0.20493
300 0.204371
301 0.203814
302 0.20326
303 0.202709
304 0.20216
305 0.201614
306 0.201071
307 0.20053
308 0.199992
309 0.199456
310 0.198923
311 0.198392
312 0.197864
313 0.197338
314 0.196815
315 0.196295
316 0.195776
317 0.19526
318 0.194747
319 0.194236
320 0.193727
321 0.193221
322 0.192717
323 0.192215
324 0.191715
325 0.191218
326 0.190723
327 0.190231
328 0.18974
329 0.189252
330 0.188766
331 0.188283
332 0.187801
333 0.187322
334 0.186845
335 0.186369
336 0.185896
337 0.185426
338 0.184957
339 0.18449
340 0.184026
341 0.183563
342 0.183103
343 0.182644
344 0.182188
345 0.181733
346 0.181281
347 0.180831
348 0.180382
349 0.179936
350 0.179491
351 0.179048
352 0.178608
353 0.178169
354 0.177732
355 0.177297
356 0.176864
357 0.176432
358 0.176003
359 0.175575
360 0.17515
361 0.174726
362 0.174304
363 0.173883
364 0.173465
365 0.173048
366 0.172633
367 0.172219
368 0.171808
369 0.171398
370 0.17099
371 0.170583
372 0.170179
373 0.169776
374 0.169374
375 0.168975
376 0.168577
377 0.16818
378 0.167785
379 0.167392
380 0.167001
381 0.166611
382 0.166223
383 0.165836
384 0.165451
385 0.165067
386 0.164685
387 0.164305
388 0.163926
389 0.163549
390 0.163173
391 0.162799
392 0.162426
393 0.162054
394 0.161685
395 0.161316
396 0.160949
397 0.160584
398 0.16022
399 0.159858
400 0.159497
401 0.159137
402 0.158779
403 0.158422
404 0.158067
405 0.157713
406 0.15736
407 0.157009
408 0.156659
409 0.156311
410 0.155964
411 0.155618
412 0.155274
413 0.154931
414 0.154589
415 0.154248
416 0.153909
417 0.153572
418 0.153235
419 0.1529
420 0.152566
421 0.152234
422 0.151902
423 0.151572
424 0.151243
425 0.150916
426 0.15059
427 0.150265
428 0.149941
429 0.149618
430 0.149297
431 0.148977
432 0.148658
433 0.14834
434 0.148024
435 0.147708
436 0.147394
437 0.147081
438 0.146769
439 0.146459
440 0.146149
441 0.145841
442 0.145533
443 0.145227
444 0.144922
445 0.144619
446 0.144316
447 0.144014
448 0.143714
449 0.143414
450 0.143116
451 0.142819
452 0.142523
453 0.142228
454 0.141934
455 0.141641
456 0.141349
457 0.141059
458 0.140769
459 0.14048
460 0.140193
461 0.139906
462 0.139621
463 0.139336
464 0.139053
465 0.13877
466 0.138489
467 0.138208
468 0.137929
469 0.13765
470 0.137373
471 0.137096
472 0.136821
473 0.136546
474 0.136273
475 0.136
476 0.135728
477 0.135458
478 0.135188
479 0.134919
480 0.134651
481 0.134385
482 0.134119
483 0.133854
484 0.133589
485 0.133326
486 0.133064
487 0.132803
488 0.132542
489 0.132283
490 0.132024
491 0.131766
492 0.131509
493 0.131253
494 0.130998
495 0.130744
496 0.130491
497 0.130238
498 0.129986
499 0.129736
500 0.129486
501 0.129237
502 0.128988
503 0.128741
504 0.128494
505 0.128249
506 0.128004
507 0.12776
508 0.127517
509 0.127274
510 0.127032
511 0.126792
512 0.126552
513 0.126312
514 0.126074
515 0.125837
516 0.1256
517 0.125364
518 0.125128
519 0.124894
520 0.12466
521 0.124427
522 0.124195
523 0.123964
524 0.123733
525 0.123503
526 0.123274
527 0.123046
528 0.122818
529 0.122592
530 0.122366
531 0.12214
532 0.121916
533 0.121692
534 0.121468
535 0.121246
536 0.121024
537 0.120803
538 0.120583
539 0.120363
540 0.120145
541 0.119926
542 0.119709
543 0.119492
544 0.119276
545 0.119061
546 0.118846
547 0.118632
548 0.118419
549 0.118206
550 0.117994
551 0.117783
552 0.117572
553 0.117362
554 0.117153
555 0.116944
556 0.116736
557 0.116529
558 0.116322
559 0.116116
560 0.115911
561 0.115706
562 0.115502
563 0.115299
564 0.115096
565 0.114894
566 0.114692
567 0.114491
568 0.114291
569 0.114091
570 0.113892
571 0.113694
572 0.113496
573 0.113299
574 0.113102
575 0.112906
576 0.112711
577 0.112516
578 0.112322
579 0.112128
580 0.111935
581 0.111743
582 0.111551
583 0.11136
584 0.111169
585 0.110979
586 0.11079
587 0.110601
588 0.110412
589 0.110225
590 0.110037
591 0.109851
592 0.109665
593 0.109479
594 0.109294
595 0.10911
596 0.108926
597 0.108743
598 0.10856
599 0.108378
