0 0.814759
1 0.737681
2 0.676572
3 0.623356
4 0.576999
5 0.536808
6 0.501886
7 0.471358
8 0.444473
9 0.420611
10 0.399276
11 0.380066
12 0.362658
13 0.346791
14 0.332255
15 0.318874
16 0.306506
17 0.295031
18 0.284349
19 0.274374
20 0.265036
21 0.256271
22 0.248026
23 0.240254
24 0.232915
25 0.225972
26 0.219394
27 0.213152
28 0.207221
29 0.201579
30 0.196204
31 0.191079
32 0.186188
33 0.181514
34 0.177043
35 0.172764
36 0.168665
37 0.164734
38 0.160962
39 0.157341
40 0.153861
41 0.150514
42 0.147294
43 0.144194
44 0.141208
45 0.138329
46 0.135552
47 0.132873
48 0.130286
49 0.127788
50 0.125373
51 0.123038
52 0.120779
53 0.118592
54 0.116476
55 0.114425
56 0.112439
57 0.110512
58 0.108644
59 0.106832
60 0.105073
61 0.103365
62 0.101707
63 0.100095
64 0.0985288
65 0.097006
66 0.0955249
67 0.094084
68 0.0926818
69 0.0913167
70 0.0899875
71 0.0886927
72 0.0874312
73 0.0862018
74 0.0850032
75 0.0838345
76 0.0826945
77 0.0815823
78 0.080497
79 0.0794375
80 0.0784031
81 0.0773929
82 0.0764061
83 0.075442
84 0.0744998
85 0.0735788
86 0.0726783
87 0.0717977
88 0.0709364
89 0.0700938
90 0.0692693
91 0.0684623
92 0.0676723
93 0.0668989
94 0.0661415
95 0.0653997
96 0.064673
97 0.063961
98 0.0632632
99 0.0625792
100 0.0619087
101 0.0612513
102 0.0606066
103 0.0599743
104 0.059354
105 0.0587455
106 0.0581483
107 0.0575622
108 0.0569869
109 0.0564222
110 0.0558677
111 0.0553231
112 0.0547883
113 0.0542629
114 0.0537468
115 0.0532397
116 0.0527414
117 0.0522517
118 0.0517703
119 0.051297
120 0.0508317
121 0.0503742
122 0.0499242
123 0.0494817
124 0.0490463
125 0.0486181
126 0.0481967
127 0.047782
128 0.047374
129 0.0469724
130 0.046577
131 0.0461878
132 0.0458046
133 0.0454273
134 0.0450558
135 0.0446898
136 0.0443294
137 0.0439743
138 0.0436245
139 0.0432799
140 0.0429403
141 0.0426057
142 0.0422759
143 0.0419508
144 0.0416303
145 0.0413145
146 0.041003
147 0.0406959
148 0.0403931
149 0.0400945
150 0.0398
151 0.0395095
152 0.039223
153 0.0389403
154 0.0386614
155 0.0383862
156 0.0381147
157 0.0378468
158 0.0375824
159 0.0373214
160 0.0370638
161 0.0368095
162 0.0365585
163 0.0363106
164 0.0360659
165 0.0358243
166 0.0355857
167 0.0353501
168 0.0351174
169 0.0348875
170 0.0346605
171 0.0344362
172 0.0342147
173 0.0339958
174 0.0337795
175 0.0335658
176 0.0333547
177 0.033146
178 0.0329398
179 0.032736
180 0.0325345
181 0.0323354
182 0.0321385
183 0.0319439
184 0.0317516
185 0.0315613
186 0.0313733
187 0.0311873
188 0.0310034
189 0.0308215
190 0.0306417
191 0.0304638
192 0.0302879
193 0.0301138
194 0.0299417
195 0.0297714
196 0.0296029
197 0.0294362
198 0.0292713
199 0.0291081
200 0.0289466
201 0.0287869
202 0.0286287
203 0.0284722
204 0.0283174
205 0.0281641
206 0.0280124
207 0.0278622
208 0.0277135
209 0.0275664
210 0.0274207
211 0.0272764
212 0.0271336
213 0.0269922
214 0.0268522
215 0.0267136
216 0.0265763
217 0.0264403
218 0.0263057
219 0.0261723
220 0.0260403
221 0.0259095
222 0.0257799
223 0.0256516
224 0.0255244
225 0.0253985
226 0.0252737
227 0.0251501
228 0.0250277
229 0.0249063
230 0.0247861
231 0.024667
232 0.0245489
233 0.024432
234 0.0243161
235 0.0242012
236 0.0240873
237 0.0239745
238 0.0238627
239 0.0237518
240 0.023642
241 0.0235331
242 0.0234251
243 0.0233181
244 0.023212
245 0.0231068
246 0.0230026
247 0.0228992
248 0.0227967
249 0.0226951
250 0.0225943
251 0.0224944
252 0.0223953
253 0.0222971
254 0.0221997
255 0.0221031
256 0.0220072
257 0.0219122
258 0.0218179
259 0.0217245
260 0.0216317
261 0.0215398
262 0.0214486
263 0.0213581
264 0.0212683
265 0.0211793
266 0.0210909
267 0.0210033
268 0.0209163
269 0.0208301
270 0.0207445
271 0.0206596
272 0.0205753
273 0.0204917
274 0.0204088
275 0.0203265
276 0.0202448
277 0.0201637
278 0.0200833
279 0.0200035
280 0.0199242
281 0.0198456
282 0.0197676
283 0.0196901
284 0.0196133
285 0.019537
286 0.0194612
287 0.0193861
288 0.0193114
289 0.0192374
290 0.0191638
291 0.0190908
292 0.0190184
293 0.0189464
294 0.018875
295 0.0188041
296 0.0187337
297 0.0186638
298 0.0185944
299 0.0185255
300 0.0184571
301 0.0183892
302 0.0183217
303 0.0182547
304 0.0181882
305 0.0181222
306 0.0180566
307 0.0179914
308 0.0179267
309 0.0178625
310 0.0177987
311 0.0177353
312 0.0176723
313 0.0176098
314 0.0175477
315 0.0174861
316 0.0174248
317 0.017364
318 0.0173035
319 0.0172435
320 0.0171838
321 0.0171246
322 0.0170657
323 0.0170072
324 0.0169492
325 0.0168914
326 0.0168341
327 0.0167772
328 0.0167206
329 0.0166643
330 0.0166085
331 0.016553
332 0.0164978
333 0.016443
334 0.0163886
335 0.0163345
336 0.0162807
337 0.0162273
338 0.0161742
339 0.0161214
340 0.016069
341 0.0160169
342 0.0159651
343 0.0159137
344 0.0158625
345 0.0158117
346 0.0157612
347 0.015711
348 0.0156611
349 0.0156115
350 0.0155622
351 0.0155132
352 0.0154646
353 0.0154162
354 0.015368
355 0.0153202
356 0.0152727
357 0.0152254
358 0.0151784
359 0.0151317
360 0.0150853
361 0.0150392
362 0.0149933
363 0.0149477
364 0.0149024
365 0.0148573
366 0.0148125
367 0.0147679
368 0.0147236
369 0.0146796
370 0.0146358
371 0.0145922
372 0.0145489
373 0.0145059
374 0.0144631
375 0.0144205
376 0.0143782
377 0.0143361
378 0.0142943
379 0.0142527
380 0.0142113
381 0.0141702
382 0.0141292
383 0.0140885
384 0.0140481
385 0.0140078
386 0.0139678
387 0.013928
388 0.0138884
389 0.0138491
390 0.0138099
391 0.013771
392 0.0137323
393 0.0136937
394 0.0136554
395 0.0136173
396 0.0135794
397 0.0135417
398 0.0135042
399 0.0134669
400 0.0134298
401 0.0133929
402 0.0133562
403 0.0133197
404 0.0132834
405 0.0132473
406 0.0132113
407 0.0131756
408 0.01314
409 0.0131046
410 0.0130694
411 0.0130344
412 0.0129996
413 0.0129649
414 0.0129305
415 0.0128962
416 0.012862
417 0.0128281
418 0.0127943
419 0.0127607
420 0.0127272
421 0.012694
422 0.0126609
423 0.0126279
424 0.0125952
425 0.0125626
426 0.0125301
427 0.0124978
428 0.0124657
429 0.0124337
430 0.0124019
431 0.0123703
432 0.0123388
433 0.0123074
434 0.0122763
435 0.0122452
436 0.0122143
437 0.0121836
438 0.012153
439 0.0121226
440 0.0120923
441 0.0120622
442 0.0120322
443 0.0120023
444 0.0119726
445 0.011943
446 0.0119136
447 0.0118843
448 0.0118552
449 0.0118262
450 0.0117973
451 0.0117685
452 0.0117399
453 0.0117115
454 0.0116831
455 0.0116549
456 0.0116269
457 0.0115989
458 0.0115711
459 0.0115434
460 0.0115159
461 0.0114884
462 0.0114611
463 0.0114339
464 0.0114069
465 0.01138
466 0.0113532
467 0.0113265
468 0.0112999
469 0.0112735
470 0.0112471
471 0.0112209
472 0.0111948
473 0.0111689
474 0.011143
475 0.0111173
476 0.0110917
477 0.0110661
478 0.0110407
479 0.0110155
480 0.0109903
481 0.0109652
482 0.0109403
483 0.0109154
484 0.0108907
485 0.0108661
486 0.0108416
487 0.0108172
488 0.0107929
489 0.0107687
490 0.0107446
491 0.0107206
492 0.0106967
493 0.0106729
494 0.0106492
495 0.0106256
496 0.0106022
497 0.0105788
498 0.0105555
499 0.0105323
500 0.0105093
501 0.0104863
502 0.0104634
503 0.0104406
504 0.0104179
505 0.0103953
506 0.0103728
507 0.0103504
508 0.0103281
509 0.0103059
510 0.0102837
511 0.0102617
512 0.0102397
513 0.0102179
514 0.0101961
515 0.0101745
516 0.0101529
517 0.0101314
518 0.01011
519 0.0100886
520 0.0100674
521 0.0100463
522 0.0100252
523 0.0100042
524 0.00998332
525 0.00996251
526 0.00994179
527 0.00992115
528 0.00990059
529 0.00988011
530 0.00985972
531 0.00983941
532 0.00981918
533 0.00979903
534 0.00977896
535 0.00975897
536 0.00973906
537 0.00971922
538 0.00969947
539 0.00967979
540 0.00966019
541 0.00964067
542 0.00962122
543 0.00960185
544 0.00958256
545 0.00956334
546 0.00954419
547 0.00952512
548 0.00950613
549 0.0094872
550 0.00946835
551 0.00944957
552 0.00943087
553 0.00941223
554 0.00939367
555 0.00937518
556 0.00935676
557 0.0093384
558 0.00932012
559 0.00930191
560 0.00928377
561 0.00926569
562 0.00924768
563 0.00922975
564 0.00921187
565 0.00919407
566 0.00917633
567 0.00915866
568 0.00914106
569 0.00912352
570 0.00910604
571 0.00908863
572 0.00907129
573 0.00905401
574 0.00903679
575 0.00901964
576 0.00900254
577 0.00898552
578 0.00896855
579 0.00895165
580 0.00893481
581 0.00891803
582 0.00890131
583 0.00888465
584 0.00886805
585 0.00885151
586 0.00883504
587 0.00881862
588 0.00880226
589 0.00878596
590 0.00876972
591 0.00875353
592 0.00873741
593 0.00872134
594 0.00870533
595 0.00868938
596 0.00867348
597 0.00865764
598 0.00864185
599 0.00862613
