0 0.987429
1 0.981798
2 0.969095
3 0.926208
4 0.587304
5 1.82389
6 0.131031
7 0.381141
8 1.76803
9 0.260266
10 0.903644
11 0.321938
12 1.45667
13 0.385855
14 1.18528
15 0.870489
16 0.086184
17 0.0196476
18 0.00786552
19 0.00593397
20 0.00517255
21 0.00482019
22 0.00463949
23 0.00453507
24 0.00446512
25 0.00441092
26 0.00436409
27 0.00432087
28 0.00427963
29 0.00423962
30 0.00420054
31 0.00416222
32 0.0041246
33 0.00408765
34 0.00405134
35 0.00401565
36 0.00398057
37 0.00394609
38 0.00391218
39 0.00387884
40 0.00384605
41 0.0038138
42 0.00378208
43 0.00375087
44 0.00372017
45 0.00368995
46 0.00366021
47 0.00363095
48 0.00360213
49 0.00357377
50 0.00354584
51 0.00351833
52 0.00349125
53 0.00346457
54 0.00343829
55 0.0034124
56 0.00338688
57 0.00336175
58 0.00333697
59 0.00331256
60 0.00328849
61 0.00326476
62 0.00324137
63 0.00321831
64 0.00319557
65 0.00317314
66 0.00315102
67 0.0031292
68 0.00310768
69 0.00308644
70 0.0030655
71 0.00304482
72 0.00302443
73 0.0030043
74 0.00298443
75 0.00296482
76 0.00294546
77 0.00292635
78 0.00290748
79 0.00288885
80 0.00287045
81 0.00285228
82 0.00283434
83 0.00281662
84 0.00279912
85 0.00278182
86 0.00276474
87 0.00274787
88 0.00273119
89 0.00271472
90 0.00269844
91 0.00268235
92 0.00266645
93 0.00265073
94 0.00263519
95 0.00261984
96 0.00260466
97 0.00258965
98 0.00257481
99 0.00256014
100 0.00254563
101 0.00253128
102 0.00251709
103 0.00250306
104 0.00248918
105 0.00247545
106 0.00246187
107 0.00244844
108 0.00243515
109 0.002422
110 0.002409
111 0.00239612
112 0.00238339
113 0.00237078
114 0.00235831
115 0.00234597
116 0.00233375
117 0.00232166
118 0.00230969
119 0.00229784
120 0.00228611
121 0.0022745
122 0.00226301
123 0.00225163
124 0.00224036
125 0.0022292
126 0.00221815
127 0.00220721
128 0.00219638
129 0.00218565
130 0.00217502
131 0.00216449
132 0.00215407
133 0.00214374
134 0.00213351
135 0.00212338
136 0.00211334
137 0.00210339
138 0.00209354
139 0.00208377
140 0.0020741
141 0.00206451
142 0.00205502
143 0.0020456
144 0.00203628
145 0.00202703
146 0.00201787
147 0.00200879
148 0.00199979
149 0.00199087
150 0.00198203
151 0.00197326
152 0.00196458
153 0.00195596
154 0.00194742
155 0.00193896
156 0.00193056
157 0.00192224
158 0.00191399
159 0.00190581
160 0.0018977
161 0.00188965
162 0.00188167
163 0.00187376
164 0.00186592
165 0.00185813
166 0.00185042
167 0.00184276
168 0.00183517
169 0.00182764
170 0.00182017
171 0.00181276
172 0.00180541
173 0.00179812
174 0.00179089
175 0.00178371
176 0.00177659
177 0.00176953
178 0.00176252
179 0.00175556
180 0.00174866
181 0.00174182
182 0.00173502
183 0.00172828
184 0.00172159
185 0.00171495
186 0.00170837
187 0.00170183
188 0.00169534
189 0.0016889
190 0.00168251
191 0.00167616
192 0.00166986
193 0.00166361
194 0.00165741
195 0.00165125
196 0.00164514
197 0.00163907
198 0.00163304
199 0.00162706
200 0.00162112
201 0.00161522
202 0.00160937
203 0.00160356
204 0.00159779
205 0.00159206
206 0.00158637
207 0.00158072
208 0.00157511
209 0.00156954
210 0.00156401
211 0.00155852
212 0.00155306
213 0.00154765
214 0.00154227
215 0.00153692
216 0.00153162
217 0.00152635
218 0.00152111
219 0.00151591
220 0.00151075
221 0.00150562
222 0.00150053
223 0.00149546
224 0.00149044
225 0.00148544
226 0.00148048
227 0.00147555
228 0.00147066
229 0.00146579
230 0.00146096
231 0.00145616
232 0.00145139
233 0.00144665
234 0.00144194
235 0.00143726
236 0.00143262
237 0.001428
238 0.00142341
239 0.00141885
240 0.00141432
241 0.00140981
242 0.00140534
243 0.00140089
244 0.00139647
245 0.00139208
246 0.00138772
247 0.00138338
248 0.00137907
249 0.00137479
250 0.00137053
251 0.0013663
252 0.00136209
253 0.00135791
254 0.00135376
255 0.00134963
256 0.00134552
257 0.00134144
258 0.00133739
259 0.00133336
260 0.00132935
261 0.00132537
262 0.00132141
263 0.00131747
264 0.00131355
265 0.00130966
266 0.0013058
267 0.00130195
268 0.00129813
269 0.00129433
270 0.00129055
271 0.00128679
272 0.00128305
273 0.00127934
274 0.00127565
275 0.00127198
276 0.00126832
277 0.00126469
278 0.00126108
279 0.00125749
280 0.00125393
281 0.00125038
282 0.00124685
283 0.00124334
284 0.00123985
285 0.00123638
286 0.00123292
287 0.00122949
288 0.00122608
289 0.00122268
290 0.00121931
291 0.00121595
292 0.00121261
293 0.00120929
294 0.00120598
295 0.0012027
296 0.00119943
297 0.00119618
298 0.00119294
299 0.00118973
300 0.00118653
301 0.00118335
302 0.00118018
303 0.00117703
304 0.0011739
305 0.00117079
306 0.00116769
307 0.0011646
308 0.00116154
309 0.00115849
310 0.00115545
311 0.00115243
312 0.00114943
313 0.00114644
314 0.00114347
315 0.00114051
316 0.00113757
317 0.00113464
318 0.00113173
319 0.00112883
320 0.00112595
321 0.00112308
322 0.00112023
323 0.00111739
324 0.00111456
325 0.00111175
326 0.00110895
327 0.00110617
328 0.0011034
329 0.00110064
330 0.0010979
331 0.00109517
332 0.00109246
333 0.00108975
334 0.00108706
335 0.00108439
336 0.00108173
337 0.00107908
338 0.00107644
339 0.00107382
340 0.0010712
341 0.0010686
342 0.00106602
343 0.00106344
344 0.00106088
345 0.00105833
346 0.00105579
347 0.00105327
348 0.00105076
349 0.00104825
350 0.00104576
351 0.00104328
352 0.00104082
353 0.00103836
354 0.00103592
355 0.00103349
356 0.00103107
357 0.00102866
358 0.00102626
359 0.00102387
360 0.00102149
361 0.00101913
362 0.00101677
363 0.00101443
364 0.00101209
365 0.00100977
366 0.00100746
367 0.00100516
368 0.00100287
369 0.00100059
370 0.000998315
371 0.000996054
372 0.000993803
373 0.000991563
374 0.000989332
375 0.000987112
376 0.000984901
377 0.0009827
378 0.000980509
379 0.000978328
380 0.000976156
381 0.000973993
382 0.000971841
383 0.000969697
384 0.000967563
385 0.000965438
386 0.000963323
387 0.000961216
388 0.000959119
389 0.000957031
390 0.000954951
391 0.000952881
392 0.00095082
393 0.000948767
394 0.000946723
395 0.000944688
396 0.000942662
397 0.000940644
398 0.000938634
399 0.000936633
400 0.000934641
401 0.000932657
402 0.000930681
403 0.000928714
404 0.000926755
405 0.000924804
406 0.000922861
407 0.000920926
408 0.000918999
409 0.000917081
410 0.00091517
411 0.000913267
412 0.000911372
413 0.000909484
414 0.000907605
415 0.000905733
416 0.000903868
417 0.000902012
418 0.000900162
419 0.000898321
420 0.000896487
421 0.00089466
422 0.00089284
423 0.000891028
424 0.000889224
425 0.000887426
426 0.000885636
427 0.000883852
428 0.000882076
429 0.000880307
430 0.000878545
431 0.00087679
432 0.000875042
433 0.000873301
434 0.000871566
435 0.000869839
436 0.000868118
437 0.000866404
438 0.000864697
439 0.000862996
440 0.000861302
441 0.000859614
442 0.000857934
443 0.000856259
444 0.000854591
445 0.00085293
446 0.000851275
447 0.000849626
448 0.000847983
449 0.000846347
450 0.000844717
451 0.000843094
452 0.000841476
453 0.000839865
454 0.00083826
455 0.00083666
456 0.000835067
457 0.00083348
458 0.000831899
459 0.000830324
460 0.000828755
461 0.000827191
462 0.000825633
463 0.000824082
464 0.000822536
465 0.000820995
466 0.000819461
467 0.000817932
468 0.000816409
469 0.000814891
470 0.000813379
471 0.000811873
472 0.000810372
473 0.000808876
474 0.000807386
475 0.000805902
476 0.000804423
477 0.000802949
478 0.00080148
479 0.000800017
480 0.00079856
481 0.000797107
482 0.00079566
483 0.000794218
484 0.000792781
485 0.000791349
486 0.000789922
487 0.000788501
488 0.000787084
489 0.000785673
490 0.000784266
491 0.000782865
492 0.000781468
493 0.000780077
494 0.00077869
495 0.000777308
496 0.000775931
497 0.000774559
498 0.000773192
499 0.00077183
500 0.000770472
501 0.000769119
502 0.00076777
503 0.000766427
504 0.000765088
505 0.000763754
506 0.000762424
507 0.000761099
508 0.000759778
509 0.000758462
510 0.000757151
511 0.000755844
512 0.000754541
513 0.000753243
514 0.000751949
515 0.00075066
516 0.000749375
517 0.000748095
518 0.000746818
519 0.000745546
520 0.000744279
521 0.000743015
522 0.000741756
523 0.000740502
524 0.000739251
525 0.000738004
526 0.000736762
527 0.000735524
528 0.00073429
529 0.00073306
530 0.000731834
531 0.000730612
532 0.000729395
533 0.000728181
534 0.000726971
535 0.000725765
536 0.000724564
537 0.000723366
538 0.000722172
539 0.000720982
540 0.000719796
541 0.000718614
542 0.000717435
543 0.000716261
544 0.00071509
545 0.000713923
546 0.00071276
547 0.0007116
548 0.000710445
549 0.000709293
550 0.000708144
551 0.000707
552 0.000705859
553 0.000704721
554 0.000703588
555 0.000702458
556 0.000701331
557 0.000700209
558 0.000699089
559 0.000697973
560 0.000696861
561 0.000695753
562 0.000694647
563 0.000693546
564 0.000692447
565 0.000691353
566 0.000690261
567 0.000689173
568 0.000688089
569 0.000687007
570 0.00068593
571 0.000684855
572 0.000683784
573 0.000682716
574 0.000681652
575 0.00068059
576 0.000679532
577 0.000678478
578 0.000677426
579 0.000676378
580 0.000675333
581 0.000674291
582 0.000673253
583 0.000672217
584 0.000671185
585 0.000670156
586 0.00066913
587 0.000668107
588 0.000667087
589 0.00066607
590 0.000665057
591 0.000664046
592 0.000663039
593 0.000662034
594 0.000661033
595 0.000660034
596 0.000659039
597 0.000658046
598 0.000657057
599 0.00065607
