0 0.873984
1 0.582586
2 0.821033
3 0.954403
4 0.914724
5 0.758239
6 0.227016
7 0.234806
8 0.391056
9 0.71628
10 0.133162
11 0.143853
12 0.18192
13 0.23456
14 0.332954
15 0.379385
16 0.304339
17 0.219417
18 0.152632
19 0.0513822
20 0.035088
21 0.0329321
22 0.031924
23 0.030974
24 0.0300763
25 0.0292268
26 0.0284218
27 0.0276579
28 0.0269322
29 0.0262419
30 0.0255846
31 0.024958
32 0.02436
33 0.0237888
34 0.0232427
35 0.0227201
36 0.0222195
37 0.0217395
38 0.0212791
39 0.020837
40 0.0204121
41 0.0200036
42 0.0196105
43 0.0192319
44 0.0188671
45 0.0185154
46 0.0181761
47 0.0178485
48 0.0175321
49 0.0172264
50 0.0169307
51 0.0166446
52 0.0163677
53 0.0160996
54 0.0158397
55 0.0155879
56 0.0153436
57 0.0151067
58 0.0148766
59 0.0146533
60 0.0144363
61 0.0142255
62 0.0140205
63 0.0138212
64 0.0136272
65 0.0134385
66 0.0132547
67 0.0130758
68 0.0129014
69 0.0127315
70 0.0125659
71 0.0124044
72 0.0122469
73 0.0120932
74 0.0119432
75 0.0117967
76 0.0116537
77 0.011514
78 0.0113776
79 0.0112442
80 0.0111138
81 0.0109863
82 0.0108617
83 0.0107397
84 0.0106204
85 0.0105036
86 0.0103893
87 0.0102774
88 0.0101678
89 0.0100604
90 0.00995527
91 0.00985222
92 0.00975121
93 0.0096522
94 0.00955512
95 0.00945993
96 0.00936656
97 0.00927496
98 0.00918509
99 0.00909691
100 0.00901035
101 0.00892538
102 0.00884195
103 0.00876003
104 0.00867958
105 0.00860055
106 0.00852291
107 0.00844662
108 0.00837165
109 0.00829797
110 0.00822554
111 0.00815433
112 0.00808431
113 0.00801545
114 0.00794773
115 0.00788111
116 0.00781558
117 0.0077511
118 0.00768764
119 0.00762519
120 0.00756373
121 0.00750322
122 0.00744365
123 0.00738499
124 0.00732723
125 0.00727035
126 0.00721431
127 0.00715912
128 0.00710475
129 0.00705117
130 0.00699838
131 0.00694635
132 0.00689507
133 0.00684453
134 0.00679471
135 0.00674558
136 0.00669715
137 0.00664939
138 0.0066023
139 0.00655585
140 0.00651003
141 0.00646484
142 0.00642025
143 0.00637626
144 0.00633286
145 0.00629003
146 0.00624776
147 0.00620605
148 0.00616487
149 0.00612423
150 0.00608411
151 0.00604449
152 0.00600538
153 0.00596676
154 0.00592863
155 0.00589096
156 0.00585377
157 0.00581703
158 0.00578073
159 0.00574488
160 0.00570946
161 0.00567447
162 0.00563989
163 0.00560572
164 0.00557196
165 0.00553859
166 0.00550561
167 0.00547301
168 0.00544079
169 0.00540893
170 0.00537744
171 0.00534631
172 0.00531553
173 0.00528509
174 0.00525499
175 0.00522523
176 0.0051958
177 0.00516668
178 0.00513789
179 0.00510941
180 0.00508123
181 0.00505336
182 0.00502579
183 0.00499851
184 0.00497152
185 0.00494481
186 0.00491838
187 0.00489223
188 0.00486635
189 0.00484074
190 0.00481538
191 0.00479029
192 0.00476545
193 0.00474087
194 0.00471653
195 0.00469244
196 0.00466858
197 0.00464496
198 0.00462158
199 0.00459842
200 0.00457549
201 0.00455279
202 0.0045303
203 0.00450803
204 0.00448598
205 0.00446414
206 0.0044425
207 0.00442107
208 0.00439984
209 0.00437881
210 0.00435797
211 0.00433733
212 0.00431688
213 0.00429662
214 0.00427654
215 0.00425665
216 0.00423694
217 0.0042174
218 0.00419805
219 0.00417886
220 0.00415985
221 0.00414101
222 0.00412233
223 0.00410382
224 0.00408547
225 0.00406728
226 0.00404925
227 0.00403137
228 0.00401365
229 0.00399609
230 0.00397867
231 0.0039614
232 0.00394428
233 0.0039273
234 0.00391046
235 0.00389377
236 0.00387722
237 0.0038608
238 0.00384452
239 0.00382837
240 0.00381236
241 0.00379648
242 0.00378072
243 0.0037651
244 0.0037496
245 0.00373422
246 0.00371897
247 0.00370384
248 0.00368884
249 0.00367395
250 0.00365918
251 0.00364452
252 0.00362998
253 0.00361555
254 0.00360124
255 0.00358704
256 0.00357294
257 0.00355896
258 0.00354508
259 0.00353131
260 0.00351764
261 0.00350407
262 0.00349061
263 0.00347725
264 0.00346399
265 0.00345083
266 0.00343777
267 0.0034248
268 0.00341193
269 0.00339916
270 0.00338647
271 0.00337389
272 0.00336139
273 0.00334898
274 0.00333667
275 0.00332444
276 0.0033123
277 0.00330024
278 0.00328828
279 0.00327639
280 0.0032646
281 0.00325288
282 0.00324125
283 0.0032297
284 0.00321823
285 0.00320684
286 0.00319553
287 0.00318429
288 0.00317314
289 0.00316206
290 0.00315105
291 0.00314013
292 0.00312927
293 0.00311849
294 0.00310779
295 0.00309715
296 0.00308659
297 0.00307609
298 0.00306567
299 0.00305532
300 0.00304503
301 0.00303481
302 0.00302466
303 0.00301458
304 0.00300456
305 0.00299461
306 0.00298472
307 0.0029749
308 0.00296514
309 0.00295544
310 0.00294581
311 0.00293623
312 0.00292672
313 0.00291727
314 0.00290788
315 0.00289855
316 0.00288927
317 0.00288006
318 0.0028709
319 0.0028618
320 0.00285275
321 0.00284377
322 0.00283483
323 0.00282596
324 0.00281713
325 0.00280837
326 0.00279965
327 0.00279099
328 0.00278238
329 0.00277382
330 0.00276532
331 0.00275686
332 0.00274846
333 0.00274011
334 0.0027318
335 0.00272355
336 0.00271534
337 0.00270719
338 0.00269908
339 0.00269102
340 0.00268301
341 0.00267504
342 0.00266712
343 0.00265925
344 0.00265142
345 0.00264364
346 0.0026359
347 0.00262821
348 0.00262056
349 0.00261295
350 0.00260539
351 0.00259787
352 0.00259039
353 0.00258296
354 0.00257557
355 0.00256822
356 0.00256091
357 0.00255364
358 0.00254641
359 0.00253922
360 0.00253207
361 0.00252497
362 0.0025179
363 0.00251087
364 0.00250387
365 0.00249692
366 0.00249001
367 0.00248313
368 0.00247629
369 0.00246948
370 0.00246272
371 0.00245599
372 0.00244929
373 0.00244264
374 0.00243601
375 0.00242943
376 0.00242287
377 0.00241636
378 0.00240987
379 0.00240342
380 0.00239701
381 0.00239063
382 0.00238428
383 0.00237797
384 0.00237168
385 0.00236544
386 0.00235922
387 0.00235303
388 0.00234688
389 0.00234076
390 0.00233467
391 0.00232861
392 0.00232258
393 0.00231659
394 0.00231062
395 0.00230469
396 0.00229878
397 0.0022929
398 0.00228706
399 0.00228124
400 0.00227545
401 0.00226969
402 0.00226396
403 0.00225826
404 0.00225258
405 0.00224694
406 0.00224132
407 0.00223573
408 0.00223017
409 0.00222463
410 0.00221912
411 0.00221364
412 0.00220818
413 0.00220276
414 0.00219735
415 0.00219198
416 0.00218663
417 0.0021813
418 0.002176
419 0.00217073
420 0.00216548
421 0.00216026
422 0.00215506
423 0.00214988
424 0.00214473
425 0.00213961
426 0.00213451
427 0.00212943
428 0.00212437
429 0.00211934
430 0.00211434
431 0.00210935
432 0.00210439
433 0.00209946
434 0.00209454
435 0.00208965
436 0.00208478
437 0.00207993
438 0.00207511
439 0.00207031
440 0.00206553
441 0.00206077
442 0.00205603
443 0.00205131
444 0.00204662
445 0.00204194
446 0.00203729
447 0.00203266
448 0.00202805
449 0.00202346
450 0.00201889
451 0.00201434
452 0.00200981
453 0.0020053
454 0.00200081
455 0.00199634
456 0.00199189
457 0.00198746
458 0.00198305
459 0.00197866
460 0.00197429
461 0.00196993
462 0.0019656
463 0.00196128
464 0.00195698
465 0.00195271
466 0.00194845
467 0.0019442
468 0.00193998
469 0.00193577
470 0.00193159
471 0.00192742
472 0.00192327
473 0.00191913
474 0.00191501
475 0.00191091
476 0.00190683
477 0.00190277
478 0.00189872
479 0.00189469
480 0.00189067
481 0.00188668
482 0.0018827
483 0.00187873
484 0.00187478
485 0.00187085
486 0.00186694
487 0.00186304
488 0.00185916
489 0.00185529
490 0.00185144
491 0.0018476
492 0.00184378
493 0.00183998
494 0.00183619
495 0.00183242
496 0.00182866
497 0.00182492
498 0.00182119
499 0.00181748
500 0.00181378
501 0.0018101
502 0.00180643
503 0.00180278
504 0.00179914
505 0.00179551
506 0.0017919
507 0.00178831
508 0.00178472
509 0.00178116
510 0.0017776
511 0.00177406
512 0.00177054
513 0.00176703
514 0.00176353
515 0.00176005
516 0.00175658
517 0.00175312
518 0.00174967
519 0.00174624
520 0.00174283
521 0.00173942
522 0.00173603
523 0.00173265
524 0.00172929
525 0.00172594
526 0.0017226
527 0.00171927
528 0.00171596
529 0.00171266
530 0.00170937
531 0.00170609
532 0.00170283
533 0.00169958
534 0.00169634
535 0.00169311
536 0.0016899
537 0.00168669
538 0.0016835
539 0.00168032
540 0.00167716
541 0.001674
542 0.00167086
543 0.00166773
544 0.00166461
545 0.0016615
546 0.0016584
547 0.00165531
548 0.00165224
549 0.00164917
550 0.00164612
551 0.00164308
552 0.00164005
553 0.00163703
554 0.00163402
555 0.00163103
556 0.00162804
557 0.00162507
558 0.0016221
559 0.00161915
560 0.0016162
561 0.00161327
562 0.00161035
563 0.00160744
564 0.00160453
565 0.00160164
566 0.00159876
567 0.00159589
568 0.00159303
569 0.00159018
570 0.00158734
571 0.00158451
572 0.00158169
573 0.00157888
574 0.00157608
575 0.00157329
576 0.00157051
577 0.00156774
578 0.00156497
579 0.00156222
580 0.00155948
581 0.00155675
582 0.00155402
583 0.00155131
584 0.0015486
585 0.00154591
586 0.00154322
587 0.00154054
588 0.00153788
589 0.00153522
590 0.00153257
591 0.00152993
592 0.0015273
593 0.00152467
594 0.00152206
595 0.00151945
596 0.00151686
597 0.00151427
598 0.00151169
599 0.00150912
