0 0.815066
1 0.824176
2 0.856569
3 0.746776
4 0.704852
5 0.748687
6 0.794682
7 0.638966
8 0.612562
9 0.66284
10 0.723802
11 0.563077
12 0.528584
13 0.566304
14 0.641378
15 0.5235
16 0.480163
17 0.476697
18 0.55533
19 0.502423
20 0.460953
21 0.407625
22 0.475467
23 0.474617
24 0.443002
25 0.357923
26 0.407865
27 0.434607
28 0.413644
29 0.31986
30 0.353358
31 0.389453
32 0.376446
33 0.28822
34 0.309749
35 0.345968
36 0.338048
37 0.260958
38 0.274543
39 0.307288
40 0.302431
41 0.237321
42 0.245839
43 0.274153
44 0.271116
45 0.216879
46 0.222228
47 0.246239
48 0.244292
49 0.199245
50 0.202622
51 0.22284
52 0.221558
53 0.184031
54 0.18617
55 0.203184
56 0.202316
57 0.170866
58 0.172216
59 0.186572
60 0.18597
61 0.159415
62 0.160252
63 0.17242
64 0.171992
65 0.149394
66 0.14989
67 0.160257
68 0.159947
69 0.140565
70 0.14083
71 0.149711
72 0.149482
73 0.132735
74 0.13284
75 0.140491
76 0.140319
77 0.125746
78 0.12574
79 0.132366
80 0.132235
81 0.119471
82 0.119386
83 0.125154
84 0.125052
85 0.113805
86 0.113665
87 0.118709
88 0.11863
89 0.108664
90 0.108484
91 0.112916
92 0.112852
93 0.103976
94 0.103769
95 0.107678
96 0.107628
97 0.0996838
98 0.0994574
99 0.10292
100 0.102879
101 0.0957383
102 0.0954991
103 0.0985771
104 0.0985435
105 0.0920984
106 0.0918512
107 0.0945966
108 0.0945688
109 0.0887294
110 0.0884776
111 0.0909341
112 0.0909111
113 0.0856016
114 0.0853478
115 0.0875524
116 0.0875332
117 0.0826895
118 0.0824359
119 0.0844198
120 0.0844036
121 0.0799713
122 0.0797192
123 0.0815092
124 0.0814955
125 0.0774278
126 0.0771784
127 0.0787974
128 0.0787857
129 0.0750425
130 0.0747966
131 0.0762642
132 0.0762542
133 0.0728008
134 0.072559
135 0.0738923
136 0.0738837
137 0.07069
138 0.0704528
139 0.0716664
140 0.071659
141 0.0686988
142 0.0684664
143 0.0695732
144 0.0695668
145 0.0668171
146 0.0665898
147 0.067601
148 0.0675953
149 0.065036
150 0.0648139
151 0.0657393
