0 1.05999
1 1.05311
2 1.23032
3 1.00866
4 1.03072
5 1.08028
6 1.25615
7 1.02931
8 1.01584
9 1.10267
10 1.27276
11 1.05359
12 1.01277
13 1.11896
14 1.28114
15 1.07606
16 1.01707
17 1.13059
18 1.28351
19 1.09536
20 1.02545
21 1.13931
22 1.28184
23 1.11188
24 1.03623
25 1.14621
26 1.27743
27 1.12612
28 1.04857
29 1.15178
30 1.27106
31 1.13829
32 1.06178
33 1.15618
34 1.26321
35 1.14835
36 1.07517
37 1.15943
38 1.25422
39 1.15623
40 1.08807
41 1.16149
42 1.2444
43 1.16191
44 1.09986
45 1.16238
46 1.23402
47 1.16544
48 1.11005
49 1.16212
50 1.22333
51 1.16697
52 1.11834
53 1.16081
54 1.21256
55 1.16672
56 1.12459
57 1.15856
58 1.20189
59 1.16497
60 1.12883
61 1.15551
62 1.19148
63 1.16199
64 1.13122
65 1.1518
66 1.18145
67 1.15806
68 1.13198
69 1.14758
70 1.17187
71 1.15345
72 1.13139
73 1.14301
74 1.16279
75 1.14837
76 1.1297
77 1.13819
78 1.15424
79 1.143
80 1.12718
81 1.13323
82 1.14621
83 1.1375
84 1.12405
85 1.12824
86 1.1387
87 1.13198
88 1.12049
89 1.12327
90 1.13169
91 1.12652
92 1.11666
93 1.11839
94 1.12514
95 1.1212
96 1.11268
97 1.11363
98 1.11905
99 1.11605
100 1.10865
101 1.10903
102 1.11336
103 1.1111
104 1.10464
105 1.1046
106 1.10807
107 1.10637
108 1.1007
109 1.10037
110 1.10313
111 1.10187
112 1.09686
113 1.09632
114 1.09852
115 1.0976
116 1.09315
117 1.09247
118 1.09421
119 1.09356
120 1.08958
121 1.08882
122 1.09019
123 1.08974
124 1.08617
125 1.08536
126 1.08643
127 1.08614
128 1.08292
129 1.08208
130 1.08291
131 1.08274
132 1.07982
133 1.07897
134 1.07962
135 1.07953
136 1.07688
137 1.07604
138 1.07652
139 1.0765
140 1.07408
141 1.07326
142 1.07362
143 1.07365
144 1.07143
145 1.07063
146 1.07089
147 1.07096
148 1.06892
149 1.06815
150 1.06832
151 1.06842
